31 69 6.1800 0.0000 9.3700 58 140 0.1610 0.0000 0.3570
30 70 7.7400 6.8000 8.5500 59 141 0.1100 0.0545 0.1360
31 71 1.9600 0.0000 9.6100 58 142 0.0660 0.0000 0.1310
32 72 0.0000 0.0000 9.9300 60 143 0.0706 0.0526 0.0811
32 73 6.3100 0.0000 8.1900 60 144 0.0998 0.0582 0.1240
32 74 19.700 9.9400 28.900 60 145 0.0540 0.0456 0.0611
33 75 3.7800 3.2400 4.6800 60 146 0.0533 0.0145 0.0711
32 76 8.7800 7.8400 9.6800 62 147 0.0334 0.0156 0.0347
34 77 3.7600 3.4800 4.6500 60 148 0.0421 0.0221 0.0522
34 78 0.0000 0.0000 10.300 62 149 0.0323 0.0278 0.0328
35 79 4.8100 0.9180 5.7100 60 150 0.0490 0.0459 0.0515
34 80 28.100 24.800 32.200 63 151 0.0452 0.0267 0.0482
35 81 4.0700 3.0400 4.8700 62 152 0.0571 0.0498 0.0622
34 82 6.2000 5.8300 6.5100 63 153 0.0495 0.0460 0.0526
36 83 4.3800 3.0500 5.6800 62 154 0.0595 0.0505 0.0609
36 84 23.600 14.200 34.500 64 155 0.0468 0.0364 0.0500
37 85 2.8700 1.0500 4.0100 64 156 0.0579 0.0501 0.0634
36 86 0.0000 0.0000 0.5870 64 157 0.0471 0.0429 0.0508
37 87 0.2920 0.0000 1.0100 64 158 0.0614 0.0497 0.0694
38 88 4.0900 0.0000 4.7500 65 159 0.0601 0.0517 0.0672
39 89 1.1100 0.0000 1.8100 64 160 0.0741 0.0655 0.0787
40 90 2.6100 1.2600 3.0100 66 161 0.0741 0.0684 0.0745
40 91 0.2100 0.0000 0.4840 66 162 0.0900 0.0795 0.0917
40 92 0.0620 0.0000 0.4370 66 163 0.0972 0.0890 0.0980
41 93 0.0987 0.0000 0.2700 66 164 0.1030 0.0827 0.1040
40 94 0.0000 0.0000 0.0602 67 165 0.0839 0.0728 0.0941
42 95 0.1400 0.0976 0.2260 68 166 0.0753 0.0691 0.0833
40 96 0.0000 0.0000 0.0250 68 167 0.0546 0.0495 0.0586
42 97 0.0808 0.0496 0.1120 68 168 0.0506 0.0420 0.0570
42 98 0.0739 0.0000 0.1530 69 169 0.0340 0.0250 0.0391
44 99 0.1730 0.1460 0.2000 68 170 0.0369 0.0283 0.0407
42 100 0.2260 0.2100 0.2500 70 171 0.0297 0.0107 0.0326
44 101 0.2670 0.2300 0.3050 70 172 0.0381 0.0323 0.0432
44 102 0.3150 0.2440 0.4260 70 173 0.0316 0.0266 0.0353
45 103 0.2970 0.2090 0.3750 70 174 0.0391 0.0229 0.0515
44 104 0.3370 0.2980 0.3830 71 175 0.0305 0.0156 0.0374
46 105 0.2660 0.2240 0.3030 70 176 0.0292 0.0177 0.0334
46 106 0.1710 0.1130 0.2280 72 177 0.0238 0.0186 0.0263
47 107 0.2110 0.1780 0.2440 72 178 0.0192 0.0100 0.0236
46 108 0.1190 0.0660 0.1930 72 179 0.0138 0.0109 0.0160
47 109 0.1720 0.1310 0.2070 72 180 0.0145 0.0000 0.0214
46 110 0.1560 0.1360 0.1740 73 181 0.0106 0.0042 0.0144
48 111 0.1520 0.1270 0.1790 74 182 0.0136 0.0000 0.0215
48 112 0.1760 0.0921 0.2500 74 183 0.0065 0.0000 0.0100
48 113 0.1240 0.0916 0.1550 74 184 0.0106 0.0000 0.0179
48 114 0.1720 0.0515 0.2910 75 185 0.0151 0.0110 0.0176
49 115 0.1110 0.0816 0.1360 74 186 0.0245 0.0073 0.0337
48 116 0.0955 0.0697 0.1270 75 187 0.0318 0.0270 0.0359
50 117 0.1500 0.1030 0.1930 76 188 0.0708 0.0633 0.0781
50 118 0.2440 0.1510 0.3750 76 189 0.1030 0.0961 0.1090
50 119 0.1840 0.1150 0.2470 76 190 0.1520 0.1370 0.1680
50 120 0.2140 0.0634 0.4120 77 191 0.2290 0.2210 0.2370
51 121 0.0836 0.0578 0.1130 76 192 0.2730 0.2520 0.2890
50 122 0.1520 0.0000 0.1800 77 193 0.3880 0.3740 0.4020
51 123 0.1130 0.0925 0.1310 78 194 0.4210 0.3620 0.4700
50 124 0.2200 0.1950 0.2420 78 195 0.4450 0.3940 0.4930
52 125 0.2560 0.2170 0.2950 78 196 0.3020 0.2560 0.3470
52 126 0.4920 0.3810 0.6010 79 197 0.1910 0.1790 0.2040
53 127 0.8480 0.6630 1.0300 78 198 0.0950 0.0805 0.1050
52 128 1.4700 1.2900 1.6200 80 199 0.0507 0.0357 0.0682
54 129 1.0800 0.8510 1.3100 80 200 0.0334 0.0061 0.0640
52 130 1.5800 1.4200 1.7400 80 201 0.0265 0.0111 0.0426
54 131 0.8220 0.6270 1.0100 80 202 0.0257 0.0000 0.0677
54 132 0.6530 0.3890 0.9260 81 203 0.0033 0.0000 0.0271
55 133 0.3090 0.2830 0.3410 80 204 0.0266 0.0171 0.0330
54 134 0.3850 0.2310 0.4770 81 205 0.0497 0.0000 0.1150
56 135 0.2480 0.0000 0.2720 82 206 0.1970 0.0364 0.3790
54 136 0.3300 0.2600 0.3960 82 207 0.1420 0.0000 0.4330
56 137 0.1700 0.0000 0.2960 82 208 0.0003 0.0000 1.7800
56 138 0.2140 0.0000 1.0000 83 209 0.0501 0.0100 0.1640
57 139 0.1570 0.0183 0.2480